# Phoenix-hardware frozen video state
GAME pleiads
FRAME 1400
VREG 00
SCROLL 00
CAB 0
VRAM 4096
0000000000000000000000000000000000000000000000000000000000000000
2220000000000000000000000000000000000000000000000000000000000000
0520000000000000000000000000000000000000000000000000000000000000
1220200000000000000000000000000000000000000000000000000000000000
0f202a0000000000000000000000000000000000000000000000000000000000
0320000000000000000000000000000000000000000000000000000000000000
1320000000000000000000000000000000000000000000000000000000000000
0000000000000000000000000000000000000000000000000000000000000000
0000000000000000000000000000000000000000000000000000000000000000
0500000000000000000000000000000000000000000000000000000000000000
1220200000000000000000000000000000000000000000000000000000000000
0f20200000000000000000000000000000000000000000000000000000000000
03200e0000000000000000000000000000000000000000000000000000000000
1320090000000000000000000000000000000000000000000000000000000000
2b200f0000000000000000000000000000000000000000000000000000000000
0920030000000000000000000000000000000000000000000000000000000000
0800000000000000000000000000000000000000000000000000000000000000
0000000000000000000000000000000000000000000000000000000000000000
0000000000000000000000000000000000000000000000000000000000000000
2120000000000000000000000000000000000000000000000000000000000000
0522000000000000000000000000000000000000000000000000000000000000
1221220000000000000000000000000000000000000000000000000000000000
0f202a0000000000000000000000000000000000000000000000000000000000
0320000000000000000000000000000000000000000000000000000000000000
1320000000000000000000000000000000000000000000000000000000000000
0000000000000000000000000000000000000000000000000000000000000000
0000000000000000000000000000000000000000000000000000000000000000
0000000000000000000000000000000040004188000000000000000000000000
0000012000000000000000000f0f000002008bc6000000ff0075000000006975
dfdf01000164000018c00000000000004b3f1dd8290c200001000c0000003000
0c1064d8185171c00000000018597293185f6fdc18597a8a0000000000000000
419b41bb417941784320432041714172419b419b415041514320432043204320
0000000000000000000000000000000000000000000000000000000000000000
0000000000000000000000000000000000000000000000000000000000000000
0000000000000000000000000000000000000000000000000000000000000000
0000000000000000000000000000000000000000000000000000000000000000
0000000000000000000000000000000000000000000000000000000000000000
0000000000000000000000000000000000000000000000000000000000000000
0000000000000000000000000000000000000000000000000000000000000000
0000000000000000000000000000000000000000000000000000000000000000
0000000000000000000000000000000000000000000000000000000000000000
0000000000000000000000000000000000000000000000000000000000000000
0000000000000000000000000000000000000000000000000000000000000000
0000000000000000000000000000000000000000000000000000000000000000
0000000000000000000000000000000000000000000000000000000000000000
0000000000000000000000000000000000000000000000000000000000000000
0000000000000000000000000000000000000000000000000000000000000000
0000000000000000000000000000000000000000000000000000000000000000
0000000000000000000000000000000000000000000000000000000000000000
0000000000000000000000000000000000000000000000000000000000000000
0000000000000000000000000000000000000000000000000000000000000000
0000000000000000000000000000000000000000000000000000000000000000
0000000000000000000000000000000000000000000000000000000000000000
0000000000000000000000000000000000000000000000000000000000000000
0000000000000000000000000000000000000000000000000000000000000000
0000000000000000000000000000000000000000000000000000000000000000
0000000000000000000000000000000000000000000000000000000000000000
0000000000000000000000000000000000000000000000000000000000000000
0000000000000000000000000000000000000000000000000000000000000000
0000000000000000000000000000000000000000000000000000000000000000
0000000000000000000000000000000000000000000000000000000000000000
0000000000000000000000000000000000000000000000000000000000000000
0000000000000000000000000000000000000000000000000000000000000000
0000000000000000000000000000000000000000000000000000000000000000
0000000000000000000000000000000000000000270000006063666767676767
0000001b180d0800000000000000000000000000240000006063646565656565
0000000e1d1d190c090000000000000000000000200000004d4f005e5e5f5f5f
0000000f1e1a001f1c0800000000280000000000230000004c4e000000000000
0000001f091c1f00180c0a0000000000000000002700004d4f51520000000000
0000001e0b08090e1d191d1c00000000000000002600004c4e51520000000000
000000001f1e1c0b02120d1e1a00000000000000250000000000520000000000
0000000000090a08011114091c0a000000000000250000000000000000000000
00000000000008090b1013080b081c0000000000210000000000000000000000
000000000000001b1e0c181d0f0a1f1e00000000240000000000000000000000
000000002a000000081c1b00180e1b1d00000000220000000000000000000000
0000000000000000001e1f001f191e0f000000002700003e0000000000000000
000000000000000000000a1b0c1d1f1d000000002600003e0000000000000000
0000000000000000000000001c0d1b19000000002600003e0000000000000000
0000000000000000000000000000000000000000250000000000000000000000
0000000000000000000000000000000000002900240000500000000000000000
0000000000000000000000000000000000000000210000500000000000000000
0000000000000000000000000000000000000000230000500000000000000000
0000000000000000000000000000000000000000270000500000000000000000
0000000000000000000000000000000000000000260000500041430000000000
0000000000170400000000000000000000000000250000500040420000000000
0000000006160700002800000000000000000000240000004143000000000000
0000001705150000000000000000000000000000230000004042000000000000
00000003070000000000000000000000000000002200000000006a6a6b6b6b6b
00000000000000000000000000000000000000002100636869696c6c6c6c6c6c
000000000000000000000000000000000000000020000000006d6d6d6d6e6e6e
0000000000000000000000000000000013c3107810852ca51082107e107b0000
000000000000000000000000000000009c2462a89c88107c9c98826c84b0d0a0
9ca464529ca044509ca8245c040880808400413786004157800040fa00000000
0000000000000000000000000000000041b541b542ef42ef412d412d40140014
41aa41aa422a422a42ab42ab0000000000012610a01074002004000000000000
0000000006000000000000000000000000ca071b07e20cf3011b3a553b1d0000
0000000000000000000000000000000000000000000000000000000000000000
0000000000000000000000000000000000000000000000000000000000000000
0000000000000000000000000000000000000000000000000000000000000000
0000000000000000000000000000000000000000000000000000000000000000
0000000000000000000000000000000000000000000000000000000000000000
0000000000000000000000000000000000000000000000000000000000000000
0000000000000000000000000000000000000000000000000000000000000000
0000000000000000000000000000000000000000000000000000000000000000
0000000000000000000000000000000000000000000000000000000000000000
0000000000000000000000000000000000000000000000000000000000000000
0000000000000000000000000000000000000000000000000000000000000000
0000000000000000000000000000000000000000000000000000000000000000
0000000000000000000000000000000000000000000000000000000000000000
0000000000000000000000000000000000000000000000000000000000000000
0000000000000000000000000000000000000000000000000000000000000000
0000000000000000000000000000000000000000000000000000000000000000
0000000000000000000000000000000000000000000000000000000000000000
0000000000000000000000000000000000000000000000000000000000000000
0000000000000000000000000000000000000000000000000000000000000000
0000000000000000000000000000000000000000000000000000000000000000
0000000000000000000000000000000000000000000000000000000000000000
0000000000000000000000000000000000000000000000000000000000000000
0000000000000000000000000000000000000000000000000000000000000000
0000000000000000000000000000000000000000000000000000000000000000
0000000000000000000000000000000000000000000000000000000000000000
0000000000000000000000000000000000000000000000000000000000000000
0000000000000000000000000000000000000000000000000000000000000000
0000000000000000000000000000000000000000000000000000000000000000
0000000000000000000000000000000000000000000000000000000000000000
0000000000000000000000000000000000000000000000000000000000000000
0000000000000000000000000000000000000000000000000000000000000000
0000000000000000000000000000000000000000000000000000000000000000
