# Phoenix-hardware frozen video state
GAME pleiads
FRAME 2400
VREG 00
SCROLL 00
CAB 0
VRAM 4096
0000000000000000000000000000000000000000000000000000000000000000
2220000000000000000000000000000000000000000000000000000000000000
0520000000006777000000000000000000000000000000000000000000000000
12202000000066000000000000005d0000000000000000000000000000000000
0f202a0000000000000000000059000000000000000000000000000049000000
03200000000000000000005d5400000000000000000000000000003848000000
1320000000000000677700000000000000000000000000000000000000000000
0000000000000000660000000000000000000000000000000000000000000000
0000000000000000000000000000000000000000000000000000000000000000
0500000000000000000000000000000000000000000000000000000000000000
1220200000000000000000000000000000000000000000000000000000000000
0f20200000000000000000000000000000000000000000000000000000000000
03200e0000000000000000000000000000000000000000000000000000000000
1320090000000000000000000000000000000000000000000000000000000000
2b200f0000000000000000000000000000000000000000000000000000000000
0920030000000000000000000000000000000000000000000000000000000000
0800000000000000000000000000000000000000000000000000000000000000
0000000000000000000000000000000000000000000000000000000000000000
0000000000000000000000000000000000000000000000000000000000000000
2120000000000000000000000000000000000000000000000000000000000000
0521000000000000000000000000000000000000000000000000000000000000
1224210000000000000000000000000000000000000000000000000000000000
0f202a0000000000000000000000000000000000000000000000000000000000
0320000000000000000000000000000000000000000000000000000000000000
1320000000000000000000000000000000000000000000000000000000000000
0000000000000000000000000000000000000000000000000000000000000000
0000000000000000000000000000000000000000000000000000000000000000
0000000000000000000000000000000000000000000000000000000000000000
0000041000000000000000000f2f000001005a2d000000ff0075005a0000a0a8
ffff01000300000018c00000000000004b3f1dd8291420000100070000003000
9c10a0d81854a45800000000185db2751859aa69185da25d0000000000000000
40bb40bb40ac40ab43204320406e406e408c408d40ab40ab4320432043204320
0000000000000000000000000000000000000000000000000000000000000000
0000000000000000000000000000000000000000000000000000000000000000
0000000000000000000000000000000000000000000000000000000000000000
0000000000000000000000000000000000000000000000000000000000000000
0000000000000000000000000000000000000000000000000000000000000000
0000000000000000000000000000000000000000000000000000000000000000
0000000000000000000000000000000000000000000000000000000000000000
0000000000000000000000000000000000000000000000000000000000000000
0000000000000000000000000000000000000000000000000000000000000000
0000000000000000000000000000000000000000000000000000000000000000
0000000000000000000000000000000000000000000000000000000000000000
0000000000000000000000000000000000000000000000000000000000000000
0000000000000000000000000000000000000000000000000000000000000000
0000000000000000000000000000000000000000000000000000000000000000
0000000000000000000000000000000000000000000000000000000000000000
0000000000000000000000000000000000000000000000000000000000000000
0000000000000000000000000000000000000000000000000000000000000000
0000000000000000000000000000000000000000000000000000000000000000
0000000000000000000000000000000000000000000000000000000000000000
0000000000000000000000000000000000000000000000000000000000000000
0000000000000000000000000000000000000000000000000000000000000000
0000000000000000000000000000000000000000000000000000000000000000
0000000000000000000000000000000000000000000000000000000000000000
0000000000000000000000000000000000000000000000000000000000000000
0000000000000000000000000000000000000000000000000000000000000000
0000000000000000000000000000000000000000000000000000000000000000
0000000000000000000000000000000000000000000000000000000000000000
0000000000000000000000000000000000000000000000000000000000000000
0000000000000000000000000000000000000000000000000000000000000000
0000000000000000000000000000000000000000000000000000000000000000
0000000000000000000000000000000000000000000000000000000000000000
0000000000000000000000000000000000000000000000000000000000000000
0000000000000000000000000000000000000000270000006163666767676767
0000001b180d0800000000000000000000000000240000006063646565656565
0000000e1d1d190c090000000000000000000000200000004d4f005e5e5f5f5f
0000000f1e1a001f1c0800000000280000000000230000004c4e000000000000
0000001f091c1f00180c0a0000000000000000002700004d4f51520000000000
0000001e0b08090e1d191d1c00000000000000002600004c4e51520000000000
000000001f1e1c0b02120d1e1a00000000000000250000000000520000000000
0000000000090a08011114091c0a000000000000250000000000000000000000
00000000000008090b1013080b081c0000000000210000000000000000000000
000000000000001b1e0c181d0f0a1f1e00000000240000000000000000000000
0000000028000000081c1b00180e1b1d00000000220000000000000000000000
0000000000000000001e1f001f191e0f00000000270000000000000000000000
000000000000000000000a1b0c1d1f1d00000000260000000000000000000000
0000000000000000000000001c0d1b1900000000260000000000000000000000
0000000000000000000000000000000000000000250000000000000000000000
0000000000000000000000000000000000002800240000500000000000000000
0000000000000000000000000000000000000000210000500000000000000000
0000000000000000000000000000000000000000230000500000000000000000
0000000000000000000000000000000000000000270000500000000000000000
0000000000000000000000000000000000000000260000500041430000000000
0000000000170400000000000000000000000000250000500040420000000000
0000000006160700002800000000000000000000240000004143000000000000
0000001705150000000000000000000000000000230000004042000000000000
00000003070000000000000000000000000000002200000000006a6a6b6b6b6b
00000000000000000000000000000000000000002100636869696c6c6c6c6c6c
000000000000000000000000000000000000000020000000006d6d6d6d6e6e6e
0000000000000000000000000000000013d313d1000000000000000000000000
000000000000000000000000000000009ca494429ca4b4320408808004088080
0408808004088080040880800408808000000000000000000000000000000000
0000000000000000000000000000000040e840e8406640660000000000000000
00000000000000000000000000000000002131c82813d000d801000000000000
0000000001000000000000000000000000ca078a0acf4ba3201b3a553b1d0000
0000000000000000000000000000000000000000000000000000000000000000
0000000000000000000000000000000000000000000000000000000000000000
0000000000000000000000000000000000000000000000000000000000000000
0000000000000000000000000000000000000000000000000000000000000000
0000000000000000000000000000000000000000000000000000000000000000
0000000000000000000000000000000000000000000000000000000000000000
0000000000000000000000000000000000000000000000000000000000000000
0000000000000000000000000000000000000000000000000000000000000000
0000000000000000000000000000000000000000000000000000000000000000
0000000000000000000000000000000000000000000000000000000000000000
0000000000000000000000000000000000000000000000000000000000000000
0000000000000000000000000000000000000000000000000000000000000000
0000000000000000000000000000000000000000000000000000000000000000
0000000000000000000000000000000000000000000000000000000000000000
0000000000000000000000000000000000000000000000000000000000000000
0000000000000000000000000000000000000000000000000000000000000000
0000000000000000000000000000000000000000000000000000000000000000
0000000000000000000000000000000000000000000000000000000000000000
0000000000000000000000000000000000000000000000000000000000000000
0000000000000000000000000000000000000000000000000000000000000000
0000000000000000000000000000000000000000000000000000000000000000
0000000000000000000000000000000000000000000000000000000000000000
0000000000000000000000000000000000000000000000000000000000000000
0000000000000000000000000000000000000000000000000000000000000000
0000000000000000000000000000000000000000000000000000000000000000
0000000000000000000000000000000000000000000000000000000000000000
0000000000000000000000000000000000000000000000000000000000000000
0000000000000000000000000000000000000000000000000000000000000000
0000000000000000000000000000000000000000000000000000000000000000
0000000000000000000000000000000000000000000000000000000000000000
0000000000000000000000000000000000000000000000000000000000000000
0000000000000000000000000000000000000000000000000000000000000000
