# Phoenix-hardware frozen video state
GAME phoenix
FRAME 900
VREG 00
SCROLL 68
CAB 0
VRAM 4096
0000000000000000000000000000000000000000000000000000000000000000
2220000000000000000000000000000000000000000000000000000000000000
0520000000000000000000000000000000000000000000000000000000000000
1220200000000000000000000000000000000000000000000000000000000000
0f207f0000000000000000000000000000000000008f9f000000000000000000
0320000000006300000000000000000000000000008e9e000000003747000000
1320000000006200000000000000000051000000000000000000003646000000
0000000000000000000000000000000000000000000000000000000000000000
0000000000000000000000000000000000000000000000000000000000000000
05000000cddd0000000000000000000000000000000000000000000000000000
12202000ccdc0000000000000000000000000000000000000000000000000000
0f202000cbdb0000000000000000000000000000000000000000000000000000
03200e0000000000000000000000000000000000000000000000000000000000
1320090000000000000000000000000000000000000000000000000000000000
2b200f000000000000000000000000000000008f9f0000000000000000000000
092003000000000000000000000000000000008e9e0000000000000000000000
0800000000000000000000000000000000000000000000000000000000000000
0000000000000000000000630000000000000000000000000000000000000000
0000000000000000000000620000000000000000000000000000000000000000
2120000000000000000000000000000000000000000000000000000000000000
0524000000000000000000000000000000000000000000000000000000000000
1221230000630000006300000000000000000000000000000000000000000000
0f207f0000620000006200000000000000000000000000000000000000000000
0320000000006300630000000000000000000000000000000000000000000000
1320000000006200620000000000000000000000000000000000000000000000
0000000000000000000000000000000000000000000000000000000000000000
000000000000000000000000000000000011d001580309001b03060a00000035
ff0d000002000000000000000000000005024144000040ca0000000000000000
00000140000000000000000056cf00000300004e100a00ff007101350000a0a8
cfcf01000300000018c000ff7f0101403f001c09ffffff000167080000003000
9c10a0d818519978005000d00058002000580020005800200058002000580020
40db40bb40d040cf433a433a4324432443244324432443244324432443244324
0000000000000000000000000000000000000000000000000000000000000000
0000000000000000000000000000000000000000000000000000000000000000
0000000000000000000000000000000000000000000000000000000000000000
0000000000000000000000000000000000000000000000000000000000000000
0000000000000000000000000000000000000000000000000000000000000000
0000000000000000000000000000000000000000000000000000000000000000
0000000000000000000000000000000000000000000000000000000000000000
0000000000000000000000000000000000000000000000000000000000000000
0000000000000000000000000000000000000000000000000000000000000000
0000000000000000000000000000000000000000000000000000000000000000
0000000000000000000000000000000000000000000000000000000000000000
0000000000000000000000000000000000000000000000000000000000000000
0000000000000000000000000000000000000000000000000000000000000000
0000000000000000000000000000000000000000000000000000000000000000
0000000000000000000000000000000000000000000000000000000000000000
0000000000000000000000000000000000000000000000000000000000000000
0000000000000000000000000000000000000000000000000000000000000000
0000000000000000000000000000000000000000000000000000000000000000
0000000000000000000000000000000000000000000000000000000000000000
0000000000000000000000000000000000000000000000000000000000000000
0000000000000000000000000000000000000000000000000000000000000000
0000000000000000000000000000000000000000000000000000000000000000
0000000000000000000000000000000000000000000000000000000000000000
0000000000000000000000000000000000000000000000000000000000000000
0000000000000000000000000000000000000000000000000000000000000000
0000000000000000000000000000000000000000000000000000000000000000
0000000000000000000000000000000000000000000000000000000000000000
0000000000000000000000000000000000000000000000000000000000000000
0000000000000000000000000000000000000000000000000000000000000000
0000000000000000000000000000000000000000000000000000000000000000
0000000000000000000000000000000000000000000000000000000000000000
0000000000000000000000000000000000000000000000000000000000000000
04000a00040a0102000000030000000400000200030304000000020100000401
0300030803000001030b04000104020004040000000003060502010300040000
0000000008040000000408040003000303032333020200000000000107000300
0905020100000605000300000002010000022232010000010401000400000004
0003000000040000020003030400000002010000040104000300020302050003
0200010402000404000000000306050201030004000003030007000100000500
0104000300030303000202020000000000010700030000000200040000030006
0000000201000002010101000001040100040000000409060004030209020000
0703040000000201000004010400030002030205000300000700020000010202
0000030605020103000400000303000700010000050002000003010100020001
0002000000000001070003000000020004000003000601040100000004000100
0412000104010004000000040906000403020902000000000000010600040000
0301040003000203020500030000070002000001020207030305000000000704
0200030300070001000005000200000301010002000100000000040003030000
000000000200040000030006010401000000040001000002020203010000000a
0804090600040302090200000000000001060004000004000001000002060003
0003000007000200000102020703030500000000070403010100090400020000
0100020000030101000200010000000004000303000002000000000801010502
0006010401000000040001000002020203010000000a00040a01020000000300
040000000000010600040000040000010000020600030803000001030b040001
0302070303050000000007040301010009040002000000080400000004080400
0201000000000400030300000200000000080101050201000006050003000000
00000002020203010000000a00040a0102000000030000000400000200030304
0600040000010000020600030803000001030b04000104020004040000000003
0004030101000904000200000008040000000408040003000303030002020200
0100020000000008011105020100000605000300000002010000020101010000
00000000000000000000000000000000100710001009100111d9100210091003
10091004100910091009100511e11009212463482124645839223b5821268658
9ca8549a21229a5039221b482120b14839220b402122c34039220b3039229b30
39221b282124ac289ca8a4aa21267e2041a941a941ab41ab424b424b412b412b
41f341f340ca40ca42c942c94069406943084308402840284306430640c640c6
42c542c54085408540b540b541444144000000ca071b079b406d0f5b3b1d0000
0000000000000000000000000000000000000000000000000000000000000000
0000000000000000000000000000000000000000000000000000000000000000
0000000000000000000000000000000000000000000000000000000000000000
0000000000000000000000000000000000000000000000000000000000000000
0000000000000000000000000000000000000000000000000000000000000000
0000000000000000000000000000000000000000000000000000000000000000
0000000000000000000000000000000000000000000000000000000000000000
0000000000000000000000000000000000000000000000000000000000000000
0000000000000000000000000000000000000000000000000000000000000000
0000000000000000000000000000000000000000000000000000000000000000
0000000000000000000000000000000000000000000000000000000000000000
0000000000000000000000000000000000000000000000000000000000000000
0000000000000000000000000000000000000000000000000000000000000000
0000000000000000000000000000000000000000000000000000000000000000
0000000000000000000000000000000000000000000000000000000000000000
0000000000000000000000000000000000000000000000000000000000000000
0000000000000000000000000000000000000000000000000000000000000000
0000000000000000000000000000000000000000000000000000000000000000
0000000000000000000000000000000000000000000000000000000000000000
0000000000000000000000000000000000000000000000000000000000000000
0000000000000000000000000000000000000000000000000000000000000000
0000000000000000000000000000000000000000000000000000000000000000
0000000000000000000000000000000000000000000000000000000000000000
0000000000000000000000000000000000000000000000000000000000000000
0000000000000000000000000000000000000000000000000000000000000000
0000000000000000000000000000000000000000000000000000000000000000
0000000000000000000000000000000000000000000000000000000000000000
0000000000000000000000000000000000000000000000000000000000000000
0000000000000000000000000000000000000000000000000000000000000000
0000000000000000000000000000000000000000000000000000000000000000
0000000000000000000000000000000000000000000000000000000000000000
0000000000000000000000000000000000000000000000000000000000000000
