# Phoenix-hardware frozen video state
GAME phoenix
FRAME 1800
VREG 00
SCROLL F8
CAB 0
VRAM 4096
0000000000000000000000000000000000000000000000000000000000000000
2220000000000000000000000000000000000000000000000000000000000000
0520000000000000000000000000000000000000000000000000000000000000
1220200000000000000000000000000000000000000000000000000000000000
0f207f0000000000000000000000000000000000000000000000000000000000
0320000000000000000000000000000000000000000000000000000000000000
1320000000000000000000000000000000000000000000000000000000000000
0000000000000000000000000000000000000000000000000000000000000000
0000000000000000000000000000000000000000000000000000000000000000
0500000000000000000000000000000000000000000000000000000000000000
1220200000000000000000000000000000000000000000000000000000000000
0f20200000000000000000000000000000000000000000000000000000000000
03200e0000000000000000000000859500000000000000c7d700000000000000
1320090000000000000000000000849400000000000000c6d600000000000000
2b200f0000000000000000000000000000000000000000c3c300000000000000
0920030000000000000000000000000000000000000000000000000000000000
0800000000000000000000000000000000000000000000000000000000000000
0000000000000000000000000000000000000000000000000000000000000000
0000000000000000000000000000000000000000000000000000003949000000
2120000000000000000000005400000000000000000000200000003848000000
0522000000000000000000000000000000000000000000200000000000000000
1223220000000000000000000000000000000000000000220000000000000000
0f207f0000000000000000000000000000000000000000000000000000000000
0320000000000000000000000000000000000000000000c3c300000000000000
1320000000000000000000000000000000000000000000c5d500000000000000
0000000000000000000000000000000000000000000000c4d400000000000000
00000000000000000000000000000000042e001050000201000000000000ff32
ff090000ff000000000a000000000000000041c9000041eb0520429700000000
0000032000000000000000006606000002000014100300ff0071023200003038
ffff01000300000018c0007e7f0202c23f021caaffffff0001f7010000003000
9c1030d818543458005000d0005c50fc005c50fc005800200058002000580020
427b427b426c426b433a433a41ff41ff41ff41ff432443244324432443244324
0000000000000000000000000000000000000000000000000000000000000000
0000000000000000000000000000000000000000000000000000000000000000
0000000000000000000000000000000000000000000000000000000000000000
0000000000000000000000000000000000000000000000000000000000000000
0000000000000000000000000000000000000000000000000000000000000000
0000000000000000000000000000000000000000000000000000000000000000
0000000000000000000000000000000000000000000000000000000000000000
0000000000000000000000000000000000000000000000000000000000000000
0000000000000000000000000000000000000000000000000000000000000000
0000000000000000000000000000000000000000000000000000000000000000
0000000000000000000000000000000000000000000000000000000000000000
0000000000000000000000000000000000000000000000000000000000000000
0000000000000000000000000000000000000000000000000000000000000000
0000000000000000000000000000000000000000000000000000000000000000
0000000000000000000000000000000000000000000000000000000000000000
0000000000000000000000000000000000000000000000000000000000000000
0000000000000000000000000000000000000000000000000000000000000000
0000000000000000000000000000000000000000000000000000000000000000
0000000000000000000000000000000000000000000000000000000000000000
0000000000000000000000000000000000000000000000000000000000000000
0000000000000000000000000000000000000000000000000000000000000000
0000000000000000000000000000000000000000000000000000000000000000
0000000000000000000000000000000000000000000000000000000000000000
0000000000000000000000000000000000000000000000000000000000000000
0000000000000000000000000000000000000000000000000000000000000000
0000000000000000000000000000000000000000000000000000000000000000
0000000000000000000000000000000000000000000000000000000000000000
0000000000000000000000000000000000000000000000000000000000000000
0000000000000000000000000000000000000000000000000000000000000000
0000000000000000000000000000000000000000000000000000000000000000
0000000000000000000000000000000000000000000000000000000000000000
0000000000000000000000000000000000000000000000000000000000000000
000000000a00040a010200000003000000040000020003030400000002010004
01020600030803000001030b0400010402000404000000000306050201030003
0000020000000804000000040804000300032333000202020000000000010700
0401010502010000060500030000000201002232010101000001040100040009
0800000300000004000002000303040000000201000004010400030002030200
000b040001040200040400000000030605020103000400000303000700010002
0304080400030003030300020202000000000001070003000000020004000001
0003000000020100000201010100000104010004000000040906000403020900
0000030304000000020100000401040003000203020500030000070002000005
0200000003060502010300040000030300070001000005000200000301010000
0002020200000000000107000300000002000400000300060104010000000404
0012010000010401000400000004090600040302090200000000000001060003
0100040104000300020302050003000007000200000102020703030500000002
0004000003030007000100000500020000030101000200010000000004000301
0000030000000200040000030006010401000000040001000002020203010003
0700000409060004030209020000000000000106000400000400000100000201
0005000300000700020000010202070303050000000007040301010009040004
0200050002000003010100020001000000000400030300000200000000080103
25350006010401000000040001000002020203010000000a00040a0102000001
2434000000000000010600040000040000010000020600030803000001030b00
0901020207030305000000000704030101000904000200000008040000000402
0002000100000000040003030000020000000008010105020100000605000300
000001000002020203010000000a00040a010200000003000000040000020001
04040000040000010000020600030803000001030b0400010402000404000000
0000070403010100090400020000000804000000040804000300030303000206
0003000002000000001101010502010000060500030000000201000002010100
030000000000000000000000000000001008100010012c2d1388000000000000
0000000000000000000000000000000021245c4821246458212253589cc06870
84dc2cbe00000000000000000000000000000000000000000000000000000000
0000000000000000000000000000000041c941c941ab41ab41eb41eb41ae418e
4278429700000000000000000000000000000000000000000000000000000000
000000000000000000000000000000000000007a37974204a0d20f5b3b1d0000
0000000000000000000000000000000000000000000000000000000000000000
0000000000000000000000000000000000000000000000000000000000000000
0000000000000000000000000000000000000000000000000000000000000000
0000000000000000000000000000000000000000000000000000000000000000
0000000000000000000000000000000000000000000000000000000000000000
0000000000000000000000000000000000000000000000000000000000000000
0000000000000000000000000000000000000000000000000000000000000000
0000000000000000000000000000000000000000000000000000000000000000
0000000000000000000000000000000000000000000000000000000000000000
0000000000000000000000000000000000000000000000000000000000000000
0000000000000000000000000000000000000000000000000000000000000000
0000000000000000000000000000000000000000000000000000000000000000
0000000000000000000000000000000000000000000000000000000000000000
0000000000000000000000000000000000000000000000000000000000000000
0000000000000000000000000000000000000000000000000000000000000000
0000000000000000000000000000000000000000000000000000000000000000
0000000000000000000000000000000000000000000000000000000000000000
0000000000000000000000000000000000000000000000000000000000000000
0000000000000000000000000000000000000000000000000000000000000000
0000000000000000000000000000000000000000000000000000000000000000
0000000000000000000000000000000000000000000000000000000000000000
0000000000000000000000000000000000000000000000000000000000000000
0000000000000000000000000000000000000000000000000000000000000000
0000000000000000000000000000000000000000000000000000000000000000
0000000000000000000000000000000000000000000000000000000000000000
0000000000000000000000000000000000000000000000000000000000000000
0000000000000000000000000000000000000000000000000000000000000000
0000000000000000000000000000000000000000000000000000000000000000
0000000000000000000000000000000000000000000000000000000000000000
0000000000000000000000000000000000000000000000000000000000000000
0000000000000000000000000000000000000000000000000000000000000000
0000000000000000000000000000000000000000000000000000000000000000
